k:3
centers: [[-111.68897315   40.58164374    0.        ]
 [ -88.92840056   39.56076632    0.        ]
 [-111.27431375   37.91025786    0.        ]]
labels: [0 0 0 0 0 0 0 0 0 2 0 0 0 0 0 0 0 2 0 0 0 0 0 2 0 0 0 0 0 0 0 0 0 0 0 0 0
 0 0 2 2 0 2 0 0 2 0 0 0 0 0 2 2 0 0 2 0 2 2 0 0 0 2 2 2 0 0 0 0 0 0 0 0 0
 0 0 0 0 2 0 2 2 0 1 2 0 0 0 0 0 0 2 0 0 0 0 0 2 0 0 2 0 1 2 0 0 0 0 0 0 0
 0 0 0 0 0 0 0 0 0 0 0 0 0 0 2 0 2 0 0 0 2 0 0 2 1 0 0 0 0 2 0 2 2 0 0 1 0
 0 0 0 2 0 0 0 0 0 0 0 2 0 0 0 0 0 0 0 0 0 0 2 0 0 0 2 0 0 0 0 0 0 0 0 0 0
 0 0 0 0 0 1 0 0 2 2 0]
itertia or error: 386.77223752050793

k:4
centers: [[-111.27431375   37.91025786    0.        ]
 [ -86.82856543   43.04094957    0.        ]
 [-111.68897315   40.58164374    0.        ]
 [ -92.07815325   34.34049145    0.        ]]
labels: [2 2 2 2 2 2 2 2 2 0 2 2 2 2 2 2 2 0 2 2 2 2 2 0 2 2 2 2 2 2 2 2 2 2 2 2 2
 2 2 0 0 2 0 2 2 0 2 2 2 2 2 0 0 2 2 0 2 0 0 2 2 2 0 0 0 2 2 2 2 2 2 2 2 2
 2 2 2 2 0 2 0 0 2 1 0 2 2 2 2 2 2 0 2 2 2 2 2 0 2 2 0 2 3 0 2 2 2 2 2 2 2
 2 2 2 2 2 2 2 2 2 2 2 2 2 2 0 2 0 2 2 2 0 2 2 0 1 2 2 2 2 0 2 0 0 2 2 1 2
 2 2 2 0 2 2 2 2 2 2 2 0 2 2 2 2 2 2 2 2 2 2 0 2 2 2 0 2 2 2 2 2 2 2 2 2 2
 2 2 2 2 2 3 2 2 0 0 2]
itertia or error: 262.8648650987887

k:5
centers: [[-111.68897315   40.58164374    0.        ]
 [ -92.07815325   34.34049145    0.        ]
 [-111.27431375   37.91025786    0.        ]
 [ -83.5524825    42.2008315     0.        ]
 [ -93.3807313    44.7211857     0.        ]]
labels: [0 0 0 0 0 0 0 0 0 2 0 0 0 0 0 0 0 2 0 0 0 0 0 2 0 0 0 0 0 0 0 0 0 0 0 0 0
 0 0 2 2 0 2 0 0 2 0 0 0 0 0 2 2 0 0 2 0 2 2 0 0 0 2 2 2 0 0 0 0 0 0 0 0 0
 0 0 0 0 2 0 2 2 0 3 2 0 0 0 0 0 0 2 0 0 0 0 0 2 0 0 2 0 1 2 0 0 0 0 0 0 0
 0 0 0 0 0 0 0 0 0 0 0 0 0 0 2 0 2 0 0 0 2 0 0 2 4 0 0 0 0 2 0 2 2 0 0 3 0
 0 0 0 2 0 0 0 0 0 0 0 2 0 0 0 0 0 0 0 0 0 0 2 0 0 0 2 0 0 0 0 0 0 0 0 0 0
 0 0 0 0 0 1 0 0 2 2 0]
itertia or error: 194.23375858668277

k:6
centers: [[-111.70884805   40.62373875    0.        ]
 [ -92.07815325   34.34049145    0.        ]
 [ -93.3807313    44.7211857     0.        ]
 [-110.11686382   38.49206939    0.        ]
 [-112.79128009   37.67651796    0.        ]
 [ -83.5524825    42.2008315     0.        ]]
labels: [0 0 0 0 0 0 0 0 0 3 0 0 0 0 0 0 0 3 0 3 0 0 0 4 0 0 0 0 0 0 0 0 0 0 0 0 0
 0 0 3 3 0 3 0 0 4 0 0 0 0 0 3 3 0 0 3 0 3 3 0 0 0 4 4 3 0 0 0 0 0 0 0 0 0
 0 0 0 0 4 0 4 4 0 5 4 0 0 0 0 0 0 3 0 0 0 0 0 4 0 0 3 0 1 3 0 4 0 0 0 3 0
 0 0 0 0 0 0 0 0 0 0 0 0 0 0 4 0 3 0 0 0 4 0 0 4 2 0 0 0 0 3 0 4 3 0 0 5 0
 0 0 0 3 0 0 0 0 0 0 0 3 0 0 0 0 0 0 0 0 4 0 4 0 0 0 4 0 0 0 0 3 0 3 0 0 0
 0 0 0 0 0 1 0 0 4 3 0]
itertia or error: 119.11227022654191

k:7
centers: [[-111.70884805   40.62373875    0.        ]
 [ -88.0358645    35.5625709     0.        ]
 [-110.11686382   38.49206939    0.        ]
 [ -93.3807313    44.7211857     0.        ]
 [ -83.5524825    42.2008315     0.        ]
 [-112.79128009   37.67651796    0.        ]
 [ -96.120442     33.118412      0.        ]]
labels: [0 0 0 0 0 0 0 0 0 2 0 0 0 0 0 0 0 2 0 2 0 0 0 5 0 0 0 0 0 0 0 0 0 0 0 0 0
 0 0 2 2 0 2 0 0 5 0 0 0 0 0 2 2 0 0 2 0 2 2 0 0 0 5 5 2 0 0 0 0 0 0 0 0 0
 0 0 0 0 5 0 5 5 0 4 5 0 0 0 0 0 0 2 0 0 0 0 0 5 0 0 2 0 6 2 0 5 0 0 0 2 0
 0 0 0 0 0 0 0 0 0 0 0 0 0 0 5 0 2 0 0 0 5 0 0 5 3 0 0 0 0 2 0 5 2 0 0 4 0
 0 0 0 2 0 0 0 0 0 0 0 2 0 0 0 0 0 0 0 0 5 0 5 0 0 0 5 0 0 0 0 2 0 2 0 0 0
 0 0 0 0 0 1 0 0 5 2 0]
itertia or error: 83.44511718556424

k:8
centers: [[-112.79128009   37.67651796    0.        ]
 [ -88.0358645    35.5625709     0.        ]
 [-111.742331     40.61939179    0.        ]
 [ -83.5524825    42.2008315     0.        ]
 [-109.94598822   38.03333135    0.        ]
 [ -93.3807313    44.7211857     0.        ]
 [ -96.120442     33.118412      0.        ]
 [-110.35517761   39.7983852     0.        ]]
labels: [2 2 2 2 2 2 2 2 2 4 2 2 2 2 2 2 2 4 2 7 2 2 2 0 2 2 2 2 2 2 2 2 2 2 2 2 2
 2 2 7 4 2 7 7 7 0 2 2 2 2 2 4 7 2 2 4 2 4 4 2 2 2 0 0 4 2 7 2 2 2 2 2 2 2
 2 2 2 2 0 2 0 0 2 3 0 2 2 2 2 2 2 4 2 2 2 2 2 0 2 2 4 2 6 4 2 0 2 2 2 7 2
 2 2 2 2 2 2 2 2 2 2 2 2 2 2 0 2 4 2 2 2 0 2 2 0 5 2 2 2 2 4 2 0 7 2 2 3 2
 2 2 2 4 2 2 2 2 2 2 2 4 2 2 2 2 2 2 2 2 0 2 0 2 2 2 0 2 2 2 2 7 2 7 2 2 2
 2 2 2 2 2 1 2 2 0 4 2]
itertia or error: 68.42483209905762

k:9
centers: [[-112.68963719   37.49051614    0.        ]
 [-111.7156674    40.64615234    0.        ]
 [ -88.0358645    35.5625709     0.        ]
 [ -96.120442     33.118412      0.        ]
 [-109.94598822   38.03333135    0.        ]
 [ -83.5524825    42.2008315     0.        ]
 [ -93.3807313    44.7211857     0.        ]
 [-110.70851514   39.72066878    0.        ]
 [-113.66874085   40.06778573    0.        ]]
labels: [1 1 1 1 1 1 7 1 1 4 1 1 1 1 1 1 1 4 1 7 1 1 1 0 1 1 1 1 1 1 1 1 1 1 1 1 1
 1 1 7 4 1 7 7 7 0 1 1 1 1 1 4 7 1 1 4 8 4 4 1 1 1 0 0 4 1 7 1 1 1 1 1 1 1
 1 1 1 1 0 1 0 0 1 5 0 1 7 1 1 1 1 4 1 1 1 1 1 0 1 1 4 8 3 4 1 8 1 1 1 7 1
 1 1 1 1 1 1 1 1 1 1 1 1 1 1 0 1 4 1 1 1 0 1 1 0 6 1 1 7 1 4 1 0 7 1 1 5 1
 1 1 1 4 1 1 1 1 1 7 1 4 1 1 1 1 1 1 1 1 8 1 0 1 1 1 0 1 1 1 1 7 1 7 1 1 1
 1 1 1 1 1 2 1 1 0 4 1]
itertia or error: 57.295661972703655

