k:3
centers: [[-111.74679602   40.61342737    0.        ]
 [ -87.03270819   40.13455464    0.        ]
 [-110.89924052   38.11243518    0.        ]]
labels: [0 0 0 ... 0 0 2]
itertia or error: 1608.7842708516187

k:4
centers: [[-110.89924052   38.11243518    0.        ]
 [ -84.76077473   41.8885903     0.        ]
 [-111.74679602   40.61342737    0.        ]
 [ -96.120442     33.118412      0.        ]]
labels: [2 2 2 ... 2 2 0]
itertia or error: 1114.4849080760132

k:5
centers: [[-111.72585223   40.60713524    0.        ]
 [ -84.76077473   41.8885903     0.        ]
 [-109.7615324    38.34019185    0.        ]
 [-112.95304933   37.71733253    0.        ]
 [ -96.120442     33.118412      0.        ]]
labels: [0 0 0 ... 0 0 2]
itertia or error: 647.117446342834

k:6
centers: [[-111.6752363    40.60735242    0.        ]
 [ -84.76077473   41.8885903     0.        ]
 [-109.74110957   38.32601022    0.        ]
 [-112.89448472   37.54713769    0.        ]
 [ -96.120442     33.118412      0.        ]
 [-113.8082477    40.07556535    0.        ]]
labels: [0 0 0 ... 5 0 2]
itertia or error: 538.9977822855083

k:7
centers: [[-111.72752468   40.62424906    0.        ]
 [ -84.76077473   41.8885903     0.        ]
 [-112.89448472   37.54713769    0.        ]
 [ -96.120442     33.118412      0.        ]
 [-109.7098519    37.50075099    0.        ]
 [-109.89218933   39.22071515    0.        ]
 [-113.8082477    40.07556535    0.        ]]
labels: [0 0 0 ... 6 0 5]
itertia or error: 452.38672620934506

k:8
centers: [[-109.75297886   38.17660979    0.        ]
 [-111.72667536   40.59988857    0.        ]
 [ -83.97714232   41.63108163    0.        ]
 [ -96.120442     33.118412      0.        ]
 [-112.89448472   37.54713769    0.        ]
 [-109.61213264   40.54290155    0.        ]
 [-113.8082477    40.07556535    0.        ]
 [ -93.3807313    44.7211857     0.        ]]
labels: [1 1 1 ... 6 1 0]
itertia or error: 335.24737679282634

k:9
centers: [[-111.73472265   40.65649913    0.        ]
 [ -83.97714232   41.63108163    0.        ]
 [-109.73598182   38.16068349    0.        ]
 [ -96.120442     33.118412      0.        ]
 [-112.89448472   37.54713769    0.        ]
 [ -93.3807313    44.7211857     0.        ]
 [-113.8082477    40.07556535    0.        ]
 [-109.55960702   40.60559172    0.        ]
 [-111.44584413   39.32912173    0.        ]]
labels: [0 0 0 ... 6 0 2]
itertia or error: 270.76056777220015

